
Goodness-of-fit for model statistics 

                                obs      min     mean      max MC p-value
edges                      3309.000 3190.000 3293.330 3396.000       0.84
edgecov.prior              3245.000 3142.000 3230.400 3321.000       0.84
nodecov.expertise_model_z  3495.527 3376.352 3509.028 3620.325       0.94
absdiff.expertise_model_z  1945.725 1842.738 1926.423 2014.180       0.64
nodecov.leadership_model_z 1289.400 1137.288 1295.450 1397.477       0.66
absdiff.leadership_model_z 3687.154 3549.733 3669.708 3767.969       0.80

Goodness-of-fit for minimum geodesic distance 

     obs  min    mean  max MC p-value
1   3309 3190 3293.33 3396       0.84
2   3019 4856 5131.51 5476       0.00
3    629 1315 1915.88 2208       0.00
4     95  219  453.42  792       0.00
5      0   12  123.24  487       0.00
6      0    0   24.99  179       0.40
7      0    0    8.28  139       1.00
8      0    0    2.13  112       1.00
9      0    0    0.08    3       1.00
Inf 4273    0  372.14  879       0.00

Goodness-of-fit for degree 

   obs min mean max MC p-value
0    0   0 2.28   5       0.10
1    2   1 2.99   7       0.76
2    0   0 2.64   5       0.06
3    1   0 2.84   7       0.46
4    0   0 3.32   7       0.04
5    1   0 3.03   7       0.32
6    0   0 2.86   8       0.12
7    3   0 2.59   7       1.00
8    2   0 2.68   6       0.88
9    2   0 2.47   6       1.00
10  13   0 2.63   6       0.00
11   5   0 2.47   6       0.12
12   9   0 2.07   5       0.00
13   0   0 2.06   6       0.30
14   8   0 1.78   5       0.00
15  10   0 1.46   4       0.00
16   5   0 1.18   4       0.00
17   4   0 1.02   3       0.00
18   1   0 0.95   4       1.00
19   3   0 0.89   4       0.12
20   1   0 0.68   4       1.00
21   0   0 0.82   4       0.96
22   0   0 0.89   4       0.76
23   0   0 0.70   3       0.94
24   0   0 0.64   3       0.96
25   0   0 0.55   3       1.00
26   0   0 0.64   3       1.00
27   0   0 0.43   2       1.00
28   0   0 0.64   3       0.96
29   0   0 0.61   3       1.00
30   0   0 0.70   4       0.94
31   0   0 0.93   4       0.68
32   0   0 1.12   5       0.60
33   0   0 1.11   4       0.54
34   0   0 1.06   4       0.64
35   0   0 0.99   4       0.72
36   0   0 0.84   4       0.76
37   2   0 1.06   4       0.50
38   0   0 0.78   3       0.80
39   0   0 0.98   4       0.74
40   0   0 1.04   4       0.64
41   0   0 0.95   4       0.74
42   2   0 1.04   4       0.52
43   0   0 1.01   4       0.66
44   0   0 0.87   3       0.82
45   0   0 0.99   4       0.66
46   0   0 1.04   4       0.76
47   0   0 1.01   5       0.80
48   2   0 0.90   4       0.50
49   0   0 0.83   3       0.88
50   1   0 0.97   7       1.00
51   0   0 1.09   3       0.54
52   0   0 1.09   4       0.60
53   1   0 1.42   4       1.00
54   1   0 1.40   5       1.00
55   0   0 1.34   5       0.52
56   0   0 1.59   5       0.42
57   1   0 1.92   5       0.80
58   0   0 2.05   6       0.28
59   0   0 2.21   5       0.16
60   0   0 2.61   7       0.16
61   0   0 3.06   9       0.14
62   1   0 2.86  10       0.46
63   1   0 3.68   9       0.18
64   3   0 3.95   9       0.92
65   2   1 4.68  11       0.30
66   0   0 4.59  11       0.02
67   1   1 4.92   9       0.06
68   2   0 4.96  10       0.30
69   2   0 5.28  15       0.22
70   0   0 4.79  14       0.04
71   3   0 4.15  13       0.82
72   4   0 3.88   9       1.00
73   3   0 3.43   8       1.00
74  14   0 2.77  10       0.00
75   6   0 2.28   7       0.04
76   4   0 1.37   6       0.12
77   7   0 1.01   4       0.00
78   4   0 0.56   3       0.00
79   4   0 0.41   3       0.00
80   7   0 0.20   2       0.00
81   0   0 0.18   2       1.00
82   0   0 0.07   1       1.00
83   1   0 0.09   2       0.16
84   0   0 0.05   1       1.00
85   0   0 0.02   1       1.00
86   1   0 0.01   1       0.02
93   1   0 0.00   0       0.00

Goodness-of-fit for edgewise shared partner 

   obs min   mean max MC p-value
0    1  18  29.29  48       0.00
1    3  15  28.88  47       0.00
2    6  13  31.55  48       0.00
3    3  18  33.99  50       0.00
4   12  17  31.36  52       0.00
5   13   8  27.54  42       0.02
6   16  12  23.35  35       0.22
7   11   6  19.92  37       0.08
8   31  10  18.18  34       0.04
9   70   5  18.28  36       0.00
10  15   8  19.16  32       0.50
11  73  11  21.41  34       0.00
12  31  13  23.17  39       0.16
13  82  14  26.31  38       0.00
14  82  18  28.77  42       0.00
15  18  16  30.90  47       0.02
16   6  21  33.56  48       0.00
17   1  19  35.54  52       0.00
18   3  27  37.89  59       0.00
19   0  20  40.13  58       0.00
20   0  28  43.52  67       0.00
21   1  24  43.26  62       0.00
22   2  33  45.83  61       0.00
23   4  31  47.28  67       0.00
24   5  31  46.25  64       0.00
25  13  29  46.79  69       0.00
26   0  28  44.05  69       0.00
27   0  28  43.79  62       0.00
28   1  24  44.35  64       0.00
29   0  28  45.41  66       0.00
30   2  27  48.23  75       0.00
31   1  27  50.14  74       0.00
32   1  37  54.63  82       0.00
33   6  24  59.05  85       0.00
34  34  42  62.25  91       0.00
35   6  44  70.35 108       0.00
36  21  54  75.62 118       0.00
37   0  56  82.77 122       0.00
38   5  51  88.28 127       0.00
39   5  55  97.33 148       0.00
40  12  61 103.53 147       0.00
41  61  60 112.11 150       0.02
42   0  75 121.33 168       0.00
43   4  65 128.21 164       0.00
44   5  81 133.89 169       0.00
45  10  87 135.94 168       0.00
46  30  83 131.22 167       0.00
47  42  77 129.38 168       0.00
48   3  78 119.99 186       0.00
49   5  68 106.80 168       0.00
50   4  39  92.46 158       0.00
51   8  34  76.72 141       0.00
52  78  19  59.99 146       0.50
53  68   9  45.40 118       0.34
54  34   5  34.51 100       0.88
55  21   3  23.97  76       0.98
56  11   0  15.35  57       0.90
57  22   0  10.67  38       0.30
58  18   0   6.09  32       0.06
59  27   0   3.51  21       0.00
60  29   0   1.98   9       0.00
61  69   0   1.08   7       0.00
62 109   0   0.52   5       0.00
63 130   0   0.27   4       0.00
64  88   0   0.02   1       0.00
65  47   0   0.02   1       0.00
66 101   0   0.01   1       0.00
67 122   0   0.00   0       0.00
68 148   0   0.00   0       0.00
69 175   0   0.00   0       0.00
70 216   0   0.00   0       0.00
71 182   0   0.00   0       0.00
72 226   0   0.00   0       0.00
73 275   0   0.00   0       0.00
74 102   0   0.00   0       0.00
75  95   0   0.00   0       0.00
76  70   0   0.00   0       0.00
77  37   0   0.00   0       0.00
78  26   0   0.00   0       0.00
79  15   0   0.00   0       0.00
