
Goodness-of-fit for model statistics 

                                 obs       min      mean       max MC p-value
edges                       5272.000  5071.000  5279.870  5403.000       0.82
edgecov.prior               5093.000  4939.000  5099.590  5213.000       0.82
nodecov.expertise_model_z   8417.617  8128.187  8407.159  8674.048       0.78
absdiff.expertise_model_z   3648.810  3452.912  3640.254  3745.615       0.98
nodecov.leadership_model_z -1460.967 -1709.983 -1506.189 -1284.517       0.58
absdiff.leadership_model_z  3352.529  3087.886  3331.723  3524.326       0.86
gwesp.fixed.0.25            6715.864  6441.459  6721.681  6877.459       0.88

Goodness-of-fit for minimum geodesic distance 

      obs   min     mean   max MC p-value
1    5272  5071  5279.87  5403       0.82
2   20951 24402 26669.72 28171       0.00
3    3610  6863  9451.18 12520       0.00
4     783   524  2267.32  8367       0.14
5     910     6   457.17  2659       0.40
6    3477     0    97.87   699       0.00
7    6294     0    23.46   310       0.00
8    4080     0     3.65   123       0.00
9     550     0     0.31    15       0.00
10      0     0     0.01     1       1.00
Inf 27609 20865 29285.44 33350       0.64

Goodness-of-fit for degree 

    obs min  mean max MC p-value
0     0  27 81.13 100       0.00
1    43   3  9.08  18       0.00
2    27   4 13.22  32       0.04
3     2   3  8.57  21       0.00
4    14   1  6.78  16       0.06
5     0   1  6.00  13       0.00
6    11   1  5.64  12       0.10
7     0   1  5.16  12       0.00
8     8   1  4.79  10       0.18
9     2   0  4.51  10       0.38
10   20   0  3.91   9       0.00
11   20   0  3.95   9       0.00
12   25   0  3.23   9       0.00
13    8   0  2.83   8       0.02
14    3   0  2.30   7       0.70
15    5   0  2.40   8       0.16
16    7   0  2.19   6       0.00
17   14   0  2.27   7       0.00
18   10   0  2.16   9       0.00
19    8   0  1.93   7       0.00
20    7   0  1.94   7       0.02
21   10   0  2.05   7       0.00
22    4   0  2.26   6       0.42
23    1   0  2.10   6       0.76
24    8   0  2.57   8       0.02
25    5   0  2.72   7       0.32
26    6   0  2.67   8       0.12
27    4   0  2.90   7       0.64
28    2   0  2.76   8       1.00
29    1   0  2.85   8       0.46
30    1   0  3.23   8       0.32
31    3   0  3.29  11       1.00
32    4   0  3.22   8       0.80
33    2   0  3.84   9       0.48
34    3   1  3.88  11       0.96
35    3   1  3.95  10       0.90
36    1   0  4.29   9       0.08
37    0   0  4.67  10       0.02
38    0   1  4.59  11       0.00
39    2   0  5.20  13       0.14
40    0   0  5.20  13       0.02
41    1   1  5.34  12       0.02
42    4   0  4.82  11       0.92
43    3   1  5.41  14       0.44
44    1   0  5.42  17       0.06
45    1   1  5.41  12       0.06
46    1   0  5.53  14       0.02
47    0   1  5.68  12       0.00
48    1   1  5.93  11       0.02
49    0   0  6.11  12       0.02
50    0   2  6.28  13       0.00
51    2   1  6.52  14       0.12
52    1   0  6.15  13       0.04
53    1   1  6.11  13       0.04
54    2   0  5.76  11       0.14
55    0   1  5.67  13       0.00
56    0   1  5.20  13       0.00
57    0   1  4.86  10       0.00
58    1   0  4.83  10       0.08
59    2   1  4.85  11       0.26
60    2   1  4.42  10       0.30
61    1   0  3.86  12       0.14
62    1   0  3.21   9       0.42
63    1   0  3.05   7       0.38
64    3   0  2.72   9       1.00
65    4   0  2.47   8       0.48
66    3   0  2.14   7       0.72
67    2   0  1.91   7       1.00
68    2   0  1.59   4       1.00
69    4   0  1.46   5       0.10
70    1   0  1.11   5       1.00
71    2   0  1.21   5       0.72
72    3   0  0.97   3       0.10
73    3   0  0.84   4       0.12
74    4   0  0.67   3       0.00
75    1   0  0.74   3       1.00
76    2   0  0.52   4       0.22
77    1   0  0.51   4       0.78
78    0   0  0.42   2       1.00
79    2   0  0.31   2       0.04
80    0   0  0.23   2       1.00
81    2   0  0.19   2       0.06
82    2   0  0.18   1       0.00
83    2   0  0.11   2       0.04
84    1   0  0.10   1       0.20
85    0   0  0.12   1       1.00
86    0   0  0.15   2       1.00
87    2   0  0.04   1       0.00
88    1   0  0.04   1       0.08
89    2   0  0.06   1       0.00
90    1   0  0.08   1       0.16
91    0   0  0.04   1       1.00
92    1   0  0.03   1       0.06
93    2   0  0.01   1       0.00
94    1   0  0.01   1       0.02
95    2   0  0.00   0       0.00
96    1   0  0.03   2       0.04
97    0   0  0.02   2       1.00
98    0   0  0.03   1       1.00
99    0   0  0.01   1       1.00
100   0   0  0.01   1       1.00
101   0   0  0.01   1       1.00
102   0   0  0.02   1       1.00
103   0   0  0.02   1       1.00
104   0   0  0.02   1       1.00
108   0   0  0.01   1       1.00
109   0   0  0.02   1       1.00
111   0   0  0.01   1       1.00
112   0   0  0.01   1       1.00
113   0   0  0.01   1       1.00
117   0   0  0.01   1       1.00
118   0   0  0.02   1       1.00
119   0   0  0.01   1       1.00
121   0   0  0.01   1       1.00
122   0   0  0.01   1       1.00
124   0   0  0.01   1       1.00
131   0   0  0.01   1       1.00
137   0   0  0.01   1       1.00
139   1   0  0.00   0       0.00
145   0   0  0.01   1       1.00
147   1   0  0.01   1       0.02
148   2   0  0.00   0       0.00
150   0   0  0.01   1       1.00
159   0   0  0.01   1       1.00
166   0   0  0.01   1       1.00
176   1   0  0.00   0       0.00
203   1   0  0.00   0       0.00
205   1   0  0.00   0       0.00

Goodness-of-fit for edgewise shared partner 

    obs min   mean max MC p-value
0    34   5  12.72  23       0.00
1    31  66 101.47 151       0.00
2    11 112 147.94 180       0.00
3    23 138 178.30 228       0.00
4     0 180 212.24 249       0.00
5    54 203 250.36 318       0.00
6    44 197 289.55 361       0.00
7    42 196 329.57 389       0.00
8    25 226 360.20 444       0.00
9   136 205 381.92 442       0.00
10  135 204 389.01 461       0.00
11  249 187 382.45 443       0.04
12   66 159 370.46 441       0.00
13  110 174 337.05 385       0.00
14  104 157 301.80 364       0.00
15  141 140 262.75 318       0.02
16  226 118 220.90 268       0.86
17  178 113 180.24 225       0.92
18  131 107 144.33 191       0.44
19  132  64 107.11 145       0.14
20  140  54  83.44 136       0.00
21   71  41  62.11 128       0.36
22   74  25  45.22 135       0.12
23   81  13  32.00  98       0.06
24  102   6  22.96  94       0.00
25   79   4  16.89 100       0.06
26   55   0  12.59 106       0.08
27   80   0   8.55  85       0.02
28   75   0   6.28  89       0.04
29   56   0   5.44 102       0.04
30   54   0   3.81  96       0.04
31   67   0   3.09 108       0.02
32   68   0   2.46  79       0.02
33   42   0   2.27  90       0.02
34   61   0   1.77  78       0.02
35   50   0   1.58  69       0.02
36   53   0   1.41  60       0.02
37   50   0   1.05  46       0.00
38   59   0   0.94  48       0.00
39   46   0   0.85  42       0.00
40   31   0   0.69  30       0.00
41   42   0   0.57  34       0.00
42   37   0   0.45  27       0.00
43   25   0   0.35  20       0.00
44   26   0   0.31  16       0.00
45   18   0   0.27  13       0.00
46   17   0   0.25  12       0.00
47   17   0   0.25  15       0.00
48   15   0   0.30  18       0.02
49   16   0   0.25  15       0.00
50   14   0   0.17  11       0.00
51   11   0   0.12   9       0.00
52    9   0   0.13   9       0.02
53   10   0   0.06   4       0.00
54    5   0   0.12  10       0.02
55    9   0   0.05   4       0.00
56   99   0   0.05   3       0.00
57  331   0   0.03   3       0.00
58  200   0   0.01   1       0.00
59  164   0   0.05   2       0.00
60   93   0   0.03   3       0.00
61  110   0   0.01   1       0.00
62  112   0   0.01   1       0.00
63   57   0   0.03   2       0.00
64   67   0   0.04   3       0.00
65   58   0   0.02   1       0.00
66   37   0   0.00   0       0.00
67   41   0   0.00   0       0.00
68   46   0   0.00   0       0.00
69   20   0   0.01   1       0.00
70   24   0   0.00   0       0.00
71   26   0   0.01   1       0.00
72   38   0   0.00   0       0.00
73   24   0   0.01   1       0.00
74   16   0   0.01   1       0.00
75   17   0   0.01   1       0.00
76   12   0   0.01   1       0.00
77   14   0   0.01   1       0.00
78   12   0   0.00   0       0.00
79    8   0   0.00   0       0.00
80    9   0   0.03   2       0.00
81   11   0   0.01   1       0.00
82    9   0   0.00   0       0.00
83    5   0   0.00   0       0.00
84    3   0   0.01   1       0.00
85    8   0   0.00   0       0.00
86   13   0   0.00   0       0.00
87    6   0   0.00   0       0.00
88    2   0   0.00   0       0.00
90    0   0   0.01   1       1.00
91    3   0   0.01   1       0.00
92   11   0   0.00   0       0.00
93    2   0   0.00   0       0.00
94    5   0   0.00   0       0.00
95    1   0   0.00   0       0.00
98    1   0   0.00   0       0.00
100   1   0   0.00   0       0.00
101   0   0   0.01   1       1.00
103   1   0   0.01   1       0.02
114   0   0   0.01   1       1.00
116   2   0   0.00   0       0.00
123   1   0   0.00   0       0.00
129   1   0   0.00   0       0.00
136   1   0   0.00   0       0.00
137   1   0   0.00   0       0.00
138   1   0   0.00   0       0.00
140   3   0   0.00   0       0.00
143   4   0   0.00   0       0.00
145   1   0   0.00   0       0.00
172   1   0   0.00   0       0.00
173   1   0   0.00   0       0.00
199   1   0   0.00   0       0.00
